Form\ВыборЗапроса\Форма.bsl-->8208d4f4-fa9d-4332-b41b-1ba4b8b567b6.0 (1 300, 1 756)
Form\Граница\Форма.bsl-->df6a842c-7a66-43e3-9f8c-b2bc55c61112.0 (458, 675)
Form\МоментВремени\Форма.bsl-->6971e9bc-0e61-45cf-9882-71bf2462d9ba.0 (307, 425)
Form\Настройки\Форма.bsl-->b0bfadcc-c32c-430f-bdd1-1c4e49751bd7.0 (643, 696)
Form\ПланВыполненияЗапроса\Форма.bsl-->9842f690-224d-4cb3-95c4-87dc1018b977.0 (2 878, 3 124)
Form\РезультатЗапроса\Форма.bsl-->1861e652-624a-4c64-943c-791f16f95651.0 (186, 205)
Form\ТаблицаЗначений\Форма.bsl-->602145e7-909b-4512-bdf5-3f383510d338.0 (1 149, 1 639)
Form\ТекстЗапросаДляКонфигуратора\Форма.bsl-->1212c610-09b3-4c9e-b19d-f1ef357d3430.0 (189, 226)
Form\Форма\Форма.bsl-->999b2e64-9dd1-447a-b811-cb492134d2b8.0 (2 888, 4 562)
Макеты\РезультатВыполненияЗапроса.mxl-->613edd2f-39bb-4c2e-a4d2-5248762aee69.0
