Form\ВыборЗапроса\Форма.bsl-->fd904cd9-2751-4d8e-ac81-38d5061cf56d.0 (1 096, 1 604)
Form\Граница\Форма.bsl-->8864dd15-b6c4-4e68-bf20-f53d40872eb5.0 (365, 582)
Form\МоментВремени\Форма.bsl-->f5d1070f-e62d-4b9f-bf93-57cbf66eae2e.0 (237, 355)
Form\Настройки\Форма.bsl-->f8c156f3-e98e-4fc1-9717-7bec4aa1502a.0 (524, 577)
Form\ПланВыполненияЗапроса\Форма.bsl-->678b6e32-e032-47b0-b70c-961b2859b6e5.0 (2 464, 2 710)
Form\РезультатЗапроса\Форма.bsl-->4ccf3a6e-3316-43f1-8e2e-9bdb5fe34423.0 (129, 148)
Form\ТаблицаЗначений\Форма.bsl-->37ef8471-b873-4e63-a4b9-ebe5c38bf79e.0 (984, 1 482)
Form\ТекстЗапросаДляКонфигуратора\Форма.bsl-->07bda918-b454-40f6-9abf-4ea1acdc2551.0 (135, 172)
Form\Форма\Форма.bsl-->6a102fac-d7f0-4264-bf07-7caba726e895.0 (2 466, 4 257)
Макеты\РезультатВыполненияЗапроса.mxl-->83c10673-1e9b-4048-bbca-a527bc79ce06.0
